914564163 295580440 804167898 1026675136 142922840 82934270 458010545 982837129 487048486 74202854 358415995 558663555 77853963 427767557 381283544 479423378 438658531 855689490 676984498 315511805 319839948 677875314 281968040 880032769 735138251 
758648093 36788843 603135950 474518529 102302011 50667783 315340869 397882451 854835682 268274181 540805292 937769952 726284726 449900597 351076614 800487581 808316592 909740169 878341544 162342325 217281890 284023098 601000857 1072971380 961007596 
916512662 319069504 565141086 124738878 125360449 226537514 883386972 162149292 829673464 284163677 264451304 880341247 599504546 662333755 661435105 867778727 129397223 525463233 520321630 579297820 876539848 247067387 313872588 712538193 51667107 
476214914 929820083 335690205 3473947 929049639 222955977 919986609 174377319 788097063 1044725487 299737768 1014634577 854370635 461887061 770566217 64792489 726338365 577165641 664297035 314930296 164858922 458333939 444327520 690322156 978655569 
1023625340 493120180 151981132 263756105 131916549 203648239 739971019 1061736633 539338444 743444966 917044448 762294421 589689751 17679944 476649660 560673414 317417712 417542414 341302226 779304773 114366807 406094715 431901314 691532448 1070391750 
746831611 856391371 454983865 117417307 472971703 359897610 67300823 966091883 511878742 331056928 24266608 715526981 1071027947 12261417 181123601 740731089 929305866 943418022 256679016 946985810 346325859 817352431 190661698 763868273 84912833 
969966472 878235080 491007548 328125962 496025705 487657474 1215749 278675252 942641340 118633056 751646955 228797126 185933880 643997014 740675869 516990808 668263622 382461026 514276932 680525040 563584628 181266197 536089082 433260826 437945214 
409333068 779586685 181555821 599994766 469713134 266468654 496219414 274206391 757476202 824345377 770232096 171391852 825561126 1048907348 40291368 944194183 726812479 269088495 56386239 297067669 1009764364 573377047 965331291 318483566 13912155 
572114507 882068194 195178353 34461765 241587197 633123567 443794833 1021173882 814679388 1043789600 417145193 7406218 466267190 691351584 764882420 216870743 387841856 936274272 1042431870 363007380 976565641 912884229 16078035 171912312 969270468 
313145704 107934852 468905691 204735171 426418418 482817847 776849679 234744789 677996200 811311444 476331986 237377943 181364454 423764044 1052057331 151412230 840909237 1059463549 617679420 458518997 750604145 834550164 846360853 613136593 803240210 
135626409 515960410 642382615 151704444 687872722 537911259 464850148 795807574 1006816950 669585320 148484169 415892973 372693175 383228958 20147349 110262795 859560944 257525292 291627249 209583164 235840799 443039479 1050492402 221562524 1060718900 
435269575 972166669 821527240 207888605 511561439 551025626 343515014 1027521849 119666417 495219459 641652748 657577676 960069607 363718498 590652802 555913103 512202667 1006545776 928606278 895431625 1026693125 1038869074 681250745 210476594 256754499 
890833910 446317393 699793979 867584488 667879918 686771055 229112239 566304763 434556471 437000844 4124378 985582097 780515859 1031646228 31506690 201993494 599557152 689084366 88321277 963275650 205995344 644234381 401736494 138799296 499098835 
223426295 91750598 464226085 904677041 302227192 720980585 721769127 748544585 347032740 515611791 342682679 1033803795 744724030 908987443 394618442 107983051 913111821 306458715 888498910 871016225 337965405 16750580 396831553 1027049771 105071857 
286365380 159303291 749306238 688101874 298102588 174663250 911528169 389853186 638889335 742463386 692080378 286128096 390490689 366883139 633160836 906102480 709565819 593222807 577084687 544811438 987841249 685067738 384181435 220558140 499824824 
181455837 558523545 516575404 578287390 511831492 621647261 864652770 671134784 297211676 479012820 969237372 471874926 316799166 285348734 37022437 1059262552 977429112 323150534 376011418 270570427 956311370 208372074 980136246 475792354 785456761 
451205860 389891779 396782675 835387296 610449920 896607499 1016843133 95231641 339441079 521388699 607063134 961088341 312299646 204456094 184558193 791312466 99951642 656433119 34369808 385300376 693455556 19890537 288987664 1016606090 395901955 
559558091 899175637 604274029 465952514 301226167 315988967 917158374 691117946 712771642 678803846 227826042 535637318 621905155 323057684 875078397 69552031 930120818 762424914 381851677 60835088 946983107 99422319 160786730 529674402 133792128 
546087106 149388135 153682665 835074770 92252401 549584620 320891037 991428038 80116825 786843551 218912381 396105792 630260102 910030328 35135611 235322124 64114546 570772929 857227280 387172230 372109502 926779311 243551224 60792593 234889164 
304386312 1007775700 334311483 465173042 463708279 468103611 1011260148 613096414 621786276 772593094 705348815 97629072 19742308 623035030 177745898 806585859 841947411 573851690 363104137 678235915 608987301 598426262 742350462 106018406 381911718 
55780868 478127909 234949205 299332093 538920502 469838369 603718405 472954378 804149852 1068891448 936662657 198511640 1006409772 476017247 820297916 705261043 107624239 917926989 725003351 730659269 21931063 457847386 498864856 595782753 820951524 
103358948 131028231 345635962 845709410 237046637 727547680 901490278 715174546 962496885 127080547 180353224 358593430 730798953 653307603 89001458 725948577 516228436 287513098 658616525 992245684 34069191 290135744 26128099 951996180 1015139095 
756787368 973927243 399244658 181910400 495968172 146454358 285269348 626996403 492090320 57236934 864043041 145896176 958727213 505475763 34651237 12065936 685828988 393244667 742864889 265394767 482246125 395071642 781623203 769759224 1053688168 
700127063 803828415 270082088 726255162 682082771 211479360 409300706 582268190 610724018 591211107 4494538 757178376 876480455 631490942 175526872 933717390 421792159 321423048 818702779 927267922 356074285 830768715 539355086 749318952 499891781 
804749853 157823253 894963423 512631233 927582477 874909767 139016472 657669068 71250032 865271635 266010015 282729392 200830517 848278205 893453410 792041624 852772744 576889962 594780256 410521862 752416834 454755822 832314021 98058 199716777 
685840119 356172343 1030485492 151453382 31749471 456635449 956203235 189572724 277857049 395092644 43413378 79024992 534109117 701082446 150275024 325638928 967092462 433004416 526469445 741628843 252716002 244769246 520659763 829605964 839549502 
931181625 508280974 220563500 689753822 508379032 420280277 301852118 864551375 377023945 453305500 896300846 833659395 335766911 12131747 37774620 730859556 55545125 116799612 191226849 756627571 267074637 516865777 649978209 700079053 1043335222 
317865229 952795056 214362644 838524992 708659196 1053912146 695964794 143198347 200733822 311976792 651577379 621014099 613828910 442386931 998038045 1067134410 264945953 757955616 329159498 277077700 795730236 1060019054 332622825 912529848 177504079 
15508573 105862661 694369856 665486782 805941715 663963254 983352011 684994947 878325899 748135180 319912319 858496221 370358150 463110666 1059230044 682334942 40946222 606502319 222422029 483333153 530798540 215814615 748279106 215012332 544974113 
1025356807 1010742568 531251343 284237808 849530593 708755422 299746381 955393254 329383454 965233164 687593145 993346709 874843351 298846268 797930784 549236707 618758588 582685181 919594857 8127430 568173401 528187976 49073652 100933897 750610005 
532406805 631732437 966424620 206944088 846744770 437656910 158559071 783745514 968908253 442796879 559534283 603921852 742543261 441185714 933305306 634034601 55037035 852910191 435136128 353883304 577099151 984372836 972641892 86042509 830225869 
980769322 654215910 284672021 1029842975 755149807 1035282026 488507956 313140421 927964823 695452044 86143367 291879909 854011115 869888881 187046338 223066171 355681341 790968190 965609432 796867055 650531673 525902209 851904090 429700040 961038337 
132045570 1006799192 871669349 30945638 19099877 628153395 1011714961 673315787 912825416 967816112 354723771 874365619 382582244 667864192 728588618 4292465 754007559 1020468527 858303580 550154616 133773041 7627927 905835957 924741232 973237359 
628961188 501531081 425397744 407123455 931231121 312694258 539169025 864288489 110621783 570114664 883388366 738775178 508087801 482962330 577858771 402162089 837686101 378482566 784744333 431808469 33329360 789036798 112074204 1053797887 573598555 
662228820 113829104 581226482 494322954 1038570336 480722018 49542318 466359593 906119762 456665773 323848891 145072196 995834799 114395556 255693980 492207639 997783923 994469158 1000295440 407004429 498586105 328715705 170948706 877068671 39718214 
602757175 910398031 828755013 714831379 890454094 328611744 303318375 1004283199 909838226 797641329 969111711 316818420 847183648 361729481 149196359 230107597 685578372 294268555 152200572 799973928 549962535 644408211 724016027 470689870 570961827 
57278632 969275975 899677532 228227338 772602823 939395747 830984513 609259030 694408936 472074068 425971301 1023020680 775392444 356512676 859117082 499291949 251882563 102193679 272733773 613612044 251390038 502841371 225448592 545658593 655041943 
1025422521 21879305 225708331 675696724 492569175 796670158 732975357 388103326 622605867 961202695 86964325 488259790 718445385 696223356 108926902 116777629 48452833 58205758 892170073 404965509 917322840 317720199 656848072 1019516519 590453972 
196718293 197164733 19553519 422166885 742823327 674595463 373847582 764702632 900303794 1049544307 183529983 623232128 708777840 571633309 172096171 596238711 658597635 660355961 240942272 281079167 769282863 357719902 329532000 827488621 176148151 
734497509 671069638 493868350 317603757 616844333 10580499 514322050 814009067 30134018 936488936 483090570 704729481 236594694 174051378 531291451 212397177 357581361 80781756 921175017 929214670 252877927 443671905 514070481 913233889 684614177 
795149648 608774928 1042334079 50939824 362521726 144740407 785437333 1033591364 638608757 29299267 576693873 649189256 543621317 316961116 679323275 406368429 800051686 310310932 642963124 974103064 841602384 855360301 257942601 922384140 702793495 
113415448 101520243 72723576 627485929 1014754132 757337753 348893754 549787237 725930009 399833578 912308963 870670416 111529088 872158503 435537349 140828355 375110552 10984782 684449672 692071669 690308057 17076278 418381531 1000618989 660039402 
318742772 768479549 441657879 576685373 617121865 70709550 690100821 718642109 143433126 243844927 659654417 900770880 592738681 135699830 552959065 992572259 1048008793 349887657 30359523 846425472 785425006 171187878 147794201 796409788 855637551 
839865870 412976021 872713829 184505577 339853187 459011407 503248349 34590912 900669286 6191899 651712778 971378837 696292720 296613063 41070139 940137647 956267480 941841019 459134504 18225487 421058260 377964940 1066234280 770945917 408324463 
838917929 482629100 579512342 986712130 205297064 361408069 752836176 618273086 160380074 937341753 958126273 619391481 366848279 992717185 446318943 373040178 570688139 343955956 1069332898 867301202 385026096 935728722 749826859 253125291 321121402 
768052346 674183552 699086342 760544802 371387645 33668982 525720907 854016745 613181324 438691213 1059313810 974589393 117785565 603845072 61227643 1055127319 488229521 680619124 348233774 407204882 53196243 721273952 977893022 397152200 716865026 
771452400 782178296 578851924 447537435 1035303587 899973327 141847957 635745315 525317845 902392760 1007132961 558986827 354371843 787407882 98426327 793063057 772979868 1073015720 910848622 303083116 60501539 892234117 791312637 741120663 166726067 
124775696 794316907 888000019 28926894 117727283 531123222 800379294 899905579 36233322 174174906 861467342 936206649 316022863 423470834 387782671 144673799 356861971 946769498 499045643 70528029 1045195826 218366876 843507898 1044469722 55473674 
72849190 31229438 947707792 864161828 772350101 40692035 988937524 492925184 928692055 1017864418 610652467 386073453 744501888 436816222 422306775 918676794 224541741 284771601 160957834 648012575 672554272 305631633 1004874546 545581946 804677276 
1660751 517035948 1023044152 845168649 487763847 4776003 918017840 518993285 952483795 708437844 217601562 993175830 623633544 710526747 848126061 567756138 247437390 160457690 238516202 684253613 582764466 83451173 908795354 867536067 244409007 
483066105 466348515 550040640 414198827 1011930461 280976093 415859578 455224586 230278421 187286404 942988433 235054424 31562420 388239894 113796395 740000264 605841456 33230402 289891984 242626379 881356463 857648122 490063770 1041814154 22422500 
100575559 550836796 105873673 1009370913 344631039 350282680 418695194 810979554 900323321 832894021 749168191 107557590 175011775 130650953 337836011 362298179 1073639386 572890436 393860599 388137456 686686831 60119039 993978913 719917233 350011023 
162863468 527531873 133917321 652927238 495604203 156339822 753502797 1046440999 262213495 689131886 317330214 612496176 34085256 54567944 439077673 866979277 803736135 546635263 1041991053 934387089 884471274 330547408 934284651 383619886 724408008 
248680284 1070306718 784527047 168917373 716482127 60796247 331780841 170272176 194713568 984708080 665876379 351053390 664469053 638575554 613266886 279859116 955905768 152021238 313944372 1010473712 591098911 107181826 740468024 63992350 75431055 
601113289 948463624 405978463 461656116 258341687 56644647 710336400 254906581 841171695 879253773 971388708 901967942 137292791 67919061 22939686 48259047 733795440 373993077 712728100 298629171 987259963 992587216 180793115 65539377 232789765 
117525004 656638288 339971591 857993028 720630638 415402646 385364493 595352438 821381109 847020609 853694125 878025757 483615186 34858882 645455628 289127135 1006247591 473681746 426419926 424828 496621432 474678973 734220268 870614509 113665250 
1032849439 784132648 32510642 139900731 849672025 265300407 257425735 432568489 605271998 41676939 79457303 1020674644 427041432 674809742 768313930 200320217 454762043 572597863 683935403 489620926 144311667 973062539 422126693 617993413 325740641 
422551521 40873021 800419615 83029965 911487531 914084865 42137581 621878355 946595507 182038312 397808557 138154091 439464047 830377046 743426089 481140986 909834350 690358910 908182418 510902268 384931016 34760811 965664311 957528879 718696215 
381543413 28098722 618016930 803670106 646092135 943757571 152479803 686965156 670435362 235509769 524710863 510778403 277647350 72847395 383632087 459685662 470655952 521786178 899149709 227291174 191470443 306548871 63383700 881829353 140989465 
574285968 193018545 175750276 466208456 76805600 894446491 847751869 104904322 438721597 577680152 750996457 308737345 730159955 364219790 979172707 965669724 888930653 416209287 169575250 961778048 799841374 629260912 358692176 247885728 454668797 
585983351 439356171 761217668 649367051 247443701 902207133 149911196 440462246 4215586 616119652 517267847 898662077 390129697 622172169 263641851 967809849 299426803 572379196 624227981 663646593 477810079 516155881 478835422 894019366 685731132 
366871647 620118916 241250220 725563823 868004644 695919018 237805350 233618992 383394862 887172402 481062693 211860172 1037083598 921524939 216075758 579461426 365050962 40996011 969591123 987223132 304637862 863659149 212908111 877017058 414145306 
876554704 281085314 930301187 281648302 101362856 542290495 648519949 721481773 783540716 300341949 515744593 405717910 538147299 749363585 789112772 351577877 156684454 1000972944 314919651 4467570 143306878 894381077 369518532 184302890 790230377 
282999840 488940752 580147702 495907951 292215987 994293008 298720831 573301301 850852371 580369134 674664157 319401043 155147259 322404106 29199935 455489208 838148700 434917845 993636508 513770461 150288793 271472561 670454916 77519914 586392213 
674922486 220826792 407031466 1044441018 405129682 123520019 253699035 894070435 703667721 749606986 112544598 624218905 1048327818 685845899 401329453 554955128 286768232 720730496 710102387 609172339 749930431 91849772 373579215 111106452 11744456 
887349676 261395245 283217017 484062768 338915159 869609230 85243430 559741952 202898873 55942625 964871634 326418892 309641660 785200245 1030086614 1059248646 897744843 580563695 1033834640 509848918 981893148 515047944 796617151 628881820 151408508 
332047666 305070427 243258280 705626881 416176879 255002736 519234733 677572125 538219753 1003297502 1016487284 334087160 14799108 502487412 536986033 70741733 393617223 863404925 380383393 105075644 819749715 365890216 1002820488 326571587 325983032 
438927582 234722911 841030977 161802909 863604732 992439485 493850575 94933335 161955941 125735632 511110215 416958677 644970366 114940516 955178430 574526044 57685976 215523766 589325152 560173389 752509799 660066886 953790612 542172901 1040450279 
1058866256 288180792 332598671 987944920 614752379 658581704 353130679 849475291 425870857 514933588 639338199 344568518 1008784164 734271534 506524459 60777972 171639925 923483136 705748338 286580441 804919742 206532558 344266418 1020443509 795857711 
904439807 699211484 382182773 784488595 167642561 348891228 769613027 455823354 681489900 683816124 1070575733 266329780 1036946803 846309200 692200637 478138567 411905575 1036769155 413180907 72435286 469551790 473958880 244075211 319293102 105965394 
530655653 50471020 312497953 874922071 1070914529 34613840 705620054 696384190 416796613 416366825 864026751 765687841 112238028 246108281 373435917 796054152 242942191 639765697 759259131 15509567 258224510 163655875 427415143 221251841 576836782 
499850429 690803631 1050795662 743925640 1010096733 83019233 200839469 1060567754 395517186 2019716 1057740459 430131026 707639770 680382825 846927639 50264771 470667753 538873656 162502800 716776034 912309574 958556952 959718225 478333447 644074260 
975227793 736557958 807730135 328901112 957809799 310825093 828751541 574871607 287878932 498935357 511226516 370898165 699774827 498052446 766415351 701794543 482051082 122804553 335692490 88692083 969732192 385957261 559359836 434864024 548460061 
202394047 273431774 433275190 88370448 751765222 3607626 1063598241 414581356 811337761 318757529 298649331 48421030 73767246 873520938 336299962 572702604 311005631 707198127 198735607 809058077 399871654 900530150 217367335 522676207 162480816 
306059419 418666575 548438078 865419255 853530600 23156315 1067813302 53220550 456431505 82441927 804985772 460039131 72298344 145825304 197635068 391055874 444474636 246056099 464823120 244253750 582356061 1037525724 555259381 215812365 162519507 
290575635 615684019 1063049658 507942970 64618403 151788650 814002389 483284978 700226728 605679821 263073754 723383044 599751299 316294305 106072725 682193226 47538253 566111857 754491571 193363558 763746925 71805621 637838194 1009803024 536628741 
882091944 518417262 500412642 363609502 734229627 662932149 654185137 276171822 652239983 88386283 340790225 804028634 902388673 824075204 430513538 434326670 13407134 80154758 1034077969 329701439 186227484 642529372 377239693 752339341 323279119 
570603251 442344442 395084740 134699621 378405643 931713481 1016791565 896822905 358384299 306659243 557310708 1021316449 960844380 833482530 599814608 1049230664 100530932 330101418 877877513 924606136 760614957 238462359 938013270 840769715 198798504 
193972886 1026997199 841327876 571212579 705594716 90865171 68074006 74197335 485949911 202773627 452602978 343921569 145823368 275684059 702305868 452482612 832994767 649880493 339585168 592735473 175953278 315074008 693266405 506054696 119209697 
544130717 192927829 357672056 408402164 1033697545 556470561 602375050 986952920 324056613 99845805 618805813 414921785 167919811 693003148 900871696 370693438 71864302 171051441 516516806 347548361 873357310 968999418 106801304 449495979 234842763 
699536777 625449257 549916771 319061359 57762130 669126469 863192076 250689959 1026798525 197852416 210645680 509527262 800227466 123856777 833583876 900073271 742662590 174763837 1067993082 361923914 1893709 364944696 433788216 172945151 881461503 
781336577 1046302461 776719097 888137881 422056616 1011561860 513932834 1047505874 487736808 832994193 31526180 83121453 622444446 282216139 36178154 820296862 492861820 545705417 546782505 616718597 305547469 373113952 285639363 480311306 367365211 
647563277 482205015 732309907 7609669 655150166 540029586 788946246 627710803 243006860 603342303 1049767420 180826896 43533313 1023531470 668563704 876527507 1055057650 751685157 425230129 263531965 787863312 171785167 756393785 259826905 718567672 
299370558 565374374 17939801 585009921 1045685680 385305012 158831374 454148871 43873095 166441043 35557214 583902682 955387289 663268017 826909542 484987768 639293613 1007736438 528521082 589083259 602558319 331306765 570399085 280501652 756536894 
833931051 1068364964 928322061 516583012 254450045 573147910 815953571 819824419 591087711 327221668 791768275 976392723 486053043 172175323 1020265818 652494086 207732537 530426676 534139552 871000554 283594394 1019127320 436552344 217589009 473906578 
1025635603 820147328 805213343 522292865 26907156 488008413 282482092 21530297 342588651 799065104 275980342 915736561 541276851 22062938 433082448 868498520 813831213 335733347 280809739 986006536 282257341 933303825 119997249 812684018 393701553 
990997804 22536588 339087050 353808324 240125597 812993628 305702103 1060272925 544465148 827994968 13438258 1032473561 36735236 34968555 301320388 835800341 310948897 143315125 303335368 333011835 576397573 98092064 73101225 912130920 378901803 
1059107761 120646438 238463805 105363187 933330456 632165358 22619167 955867044 971252408 376427491 122250818 710504213 682129594 108781919 181227537 436382739 122220177 139959274 473117975 157188732 441279663 235176492 468137630 584594788 538511861 
801149465 87250538 636603925 874250690 999381458 1015505729 859616628 46286072 180227710 964979815 979616528 812393068 987598982 861741749 709903653 290284649 983992567 346666042 972414243 19032662 527893579 335055158 141252840 667852853 808173134 
298441572 35390692 1043349626 766579202 619985481 508119663 493986844 707236019 70981765 294495710 632875653 12745670 80370514 679161726 192973380 1045350329 585036430 1005366448 959207487 373036355 641528277 175750312 283287098 988194319 74422732 
302319761 442346074 409477890 443572601 36457104 143909200 742014173 71847796 113517003 434851552 691833277 621636666 928838396 325327472 692618431 149592282 958203126 705364101 229962797 563623028 898337481 201571302 74917634 829962106 87036966 
447953990 397748559 262787278 731241088 312201055 337210010 1033560849 754547129 746687901 403391626 791004233 890597101 71663976 862852030 1004114104 506515528 480943483 552008947 361612100 806270956 170885554 511204382 690732258 876249656 741167179 
180613462 700845313 942738482 255531096 457065595 1029775448 703485086 854814155 218820902 360984351 93273386 556030913 320803376 847820515 228976990 724195003 565082925 45832267 795858979 354193131 1049946372 228632683 835136614 528213495 590244783 
567665746 699099049 27707341 184656180 501606881 768874521 365269642 128710371 637871179 620800739 585775966 593904803 250544001 366848297 812725705 611528352 460121683 295014794 932331729 234200375 523991784 582784908 799283300 569824052 304902063 
79734607 546028600 533534746 914871221 500271 50037705 408795144 699599320 77745046 593451324 127464378 846619567 958720967 256174749 410748922 505779882 841950715 1004653725 756323883 135057189 743637607 294110412 595178872 1038652401 152700317 
829379247 488902362 735485225 554920723 1058726414 1040387288 634655330 531013190 500180210 475784728 531513461 550217915 884579872 157370957 627962961 404289372 284835335 400840705 289268515 541010084 811589627 795048397 309218976 742501529 477630457 
444276165 412397312 771740869 1039455037 377307889 924441186 795092461 866210251 586184587 276271360 851194841 552830051 910926691 308466207 1053010261 312969595 839979668 529486352 123807643 997350626 83707489 528097015 208444137 484548194 817365531 
749454222 222395998 538672104 1058673198 964897527 1016302561 429207539 303553015 714301606 394920752 680860904 565000968 116271389 473329332 77443731 392542750 250782349 630273782 229727617 559248557 609542219 542697212 325486401 65286747 666504855 
249095203 148994237 120860046 457539341 633542431 938225577 133251739 855938429 403155858 118183113 747094132 345716595 547390652 1050647147 1060018202 942311404 657766228 551277346 1058582794 57353736 628721078 377383720 308136085 185253036 607111337 
867384642 794795256 76066725 119129220 860082003 742571580 368224423 1009076240 863431626 825763764 568876848 727915380 959015503 351073453 57329414 3456792 24425762 403046009 550847444 1331085 389322387 419417025 659097313 940599734 404257995 
716451049 495578988 781641715 1024587135 680832024 315011228 818229953 401885456 391077953 937359173 188225636 59907709 231841773 123560052 923339335 1057605537 692436900 577512891 942879217 1043510354 634842305 946336009 1067936116 1037888315 423441630 
1069267201 353468878 842858655 654622691 220326788 173374826 297331916 715905776 955016541 248177227 322995977 196285945 1066407181 724881433 587363898 930024530 913107069 647271607 88124479 1036667122 496869118 71988193 655362198 640186 1014867410 
625130728 635482491 887461595 619325020 599628982 237161401 614850398 953097861 6278232 195731265 99682825 179653058 493063181 815588602 60927775 741240409 64842755 257213720 733905766 789724188 844577618 590188472 629089434 418107401 678312952 
592014732 914976520 750301145 173635106 915616706 691426731 798765835 477357373 505146502 344349031 3244532 742307904 959199429 956342393 748586136 81188870 1056025218 928239195 574252052 797871996 989166970 241750637 862714751 172638867 975656403 
578697116 1017216485 492103051 134044726 361582063 96674179 726059458 202816759 846975324 899694564 44691641 464660231 624718575 522049014 969806734 969067607 525293546 638372814 854525212 407894115 313217126 935714083 390177510 167714497 436224311 
114307682 83139644 677974948 977022434 255778511 579889527 481977726 199253172 1071992578 616022452 560835235 94924934 268340086 763651994 941900258 94292826 808343635 332818666 719011402 256650826 228883576 614337185 781944372 867256390 395120573 
116096664 106731692 257092832 506274174 274446190 693317143 620581856 357585834 297550267 523862466 613364345 877439794 1005840192 812617517 875690549 548120820 299710929 970615483 816460906 1063362923 838773917 910753733 797964735 97850759 556023311 
1054615561 326734335 96618672 762818109 120248901 491739245 878914773 226980594 748832078 311447123 501426784 368407397 932028980 859012618 665957665 382149622 398635139 469655635 314247991 137510832 271604360 862368811 437221761 168478019 605087894 
426842861 1007251937 442099803 151065772 31360872 998123114 131939509 358095208 20999962 894757618 478344109 512739207 699930568 705324703 187829461 1011377691 133009663 556236859 869664847 992022281 148452700 178072646 316915596 618108335 492320637 
454426429 889712696 280947624 891648190 1058190715 886035518 244749227 991700828 254393497 395814999 1023061701 178774787 527754508 307415085 199774749 348770303 785759194 712513957 1048700871 417342074 900343418 986336738 550351737 382838453 782259762 
468632195 531291153 960332408 785547791 75657665 378911221 166232396 965370361 659858845 1057880587 949819252 472152540 228887990 867778257 726546037 624702990 817098134 905320825 78715674 50771395 31353750 427485977 836530589 743867707 402445024 
180130839 570469302 315039939 730482577 953307755 23557877 125372948 410857085 983890285 910920739 486514750 289059682 3411312 378143287 948918527 1061291899 254220715 347329243 216438065 48257148 133457 841141055 865355282 905454282 919856730 
916126677 936808032 273600883 678915443 606933916 676045908 859046282 103661394 991085847 515787035 1056969149 1014643724 641159983 394084410 924792185 478338899 880599160 140110043 481750211 185000623 15286746 469300286 439221339 362615990 685738351 
487478487 362749447 453137583 279091946 194461905 299252489 121476799 57528113 572853372 800392242 664462029 175157456 585696701 768123423 92501479 27741912 751350749 33403379 668901896 71693335 958195564 73498971 952292496 24563783 555249182 
63551295 39850530 1024549468 502772634 402466520 636545995 990251122 765215967 15941754 195601244 959677872 315194243 317078043 1017205985 888047616 43728462 607926191 1063205072 629425163 302307790 81964728 657167075 1053658539 115368107 252327147 
51610051 1073563672 325826118 1003902547 24385631 881075300 1067453842 64236161 831882944 496484653 466702681 394687116 412993951 158176824 410628870 608595195 44112872 725823114 925673238 1061318858 540128906 969401700 595503225 529592154 525085039 
897811015 611556882 108510291 877727731 726924990 360837438 929337782 726746838 686663557 859498505 751132469 493997033 853210523 815368631 252138154 275953352 208329488 646825270 688947303 366506313 1057454140 223800674 410619185 709535430 75732089 
398196219 175922512 1045133789 993699444 705514667 496477005 817768636 243329725 604987296 621754543 970254715 965824734 477350501 623259729 578746467 263107182 300650375 1072743501 42575881 42277182 251139831 318529234 250606670 897965101 1007476537 
617112983 881677417 157535388 1027732169 517471024 233267477 352186564 693393536 204659442 272144185 325166379 701136447 16170997 568496105 232381919 637925540 465008996 124464830 41534217 14526902 703211297 304641399 315177277 702212974 347217280 
357454459 953352805 665746514 608061129 777576082 599481228 151432289 585511676 757016616 105422634 29240876 990284093 457609198 722634412 121201711 729753383 1047800792 822338159 745924380 542555073 1054720078 310108096 1007564069 105443084 351642313 
1022090971 808654382 656283712 263526424 437125532 1003500993 620980883 316736514 595505683 155300189 20570772 121245087 306732478 606082448 878261703 412155112 635323324 794803972 869764310 284215913 916005684 525775870 258274881 664602019 197958426 
800829954 645580273 508066523 734652199 751023358 859708836 683001347 485935916 442250725 946527771 923061448 372009894 493766831 166056138 967515577 649067020 186626911 15018841 955799498 792709359 893280544 294212786 354290860 614342693 90235272 
638506773 456606553 616011142 896781654 47466748 813969569 623869784 693047021 248294268 284780159 370328555 34261280 967781506 856264471 476512005 840567454 705584096 848521899 260592461 871640234 742295653 909659481 1058267145 757314494 791717155 
777234681 576853214 12188117 57783717 117454083 102423389 696290490 574060636 718434532 519330320 621527384 458662277 69458280 240832582 706956545 354238439 611161137 741217825 248278122 393683785 143988007 15103752 25526057 992509906 275696213 
897166291 661063735 111613870 881691613 344636405 903331025 585184470 921489620 915519142 642968187 1038943703 1017942531 265516853 539262516 662635239 784847173 87048076 47555692 854305453 327880658 754512237 134802068 939041796 421988239 383080190 
258983757 565976246 398183942 284509814 484744328 673880155 107934281 72066240 785494025 989625894 416702645 615083226 501068540 264450441 456860544 70294903 229652321 401061252 335811756 768914837 1063696491 46917105 855962913 37510360 901222558 
110101748 792022597 1036024627 1049143544 140269012 345362993 234385477 706245258 743546936 518895291 117247763 343685267 626829572 189314003 55437469 542713643 606016648 670520695 1043782183 870467090 53639416 40335263 26377587 454700668 376147019 
795292424 444655335 423064125 577513513 482165695 250544859 687615261 200446469 212827662 663016981 340715481 558190656 897402458 1046960740 227995768 342555925 90466679 571681035 969385498 279780682 627118504 438357317 885797330 223897376 408397676 
682522596 277536792 448732939 708900183 732237460 824879959 430450783 103150971 174202260 1007964297 585316667 424747119 621837734 785763136 637574782 211112892 52736793 122023614 34773526 25955709 350019382 377329452 116422388 921700417 272973126 
396203070 475077098 711330443 208258577 698974474 45986295 890781173 976511266 494719235 525939533 635006902 245857370 956390316 738157873 420059630 890612789 249732716 844806749 438708700 1035495852 408639707 649821592 14490822 530663321 684595118 
40446531 880682703 1061924570 156868920 728641297 261155872 553071990 129976571 972486315 761330567 828951045 1018472611 578369917 731720487 439450022 30567626 292985565 685307392 986957942 1031143438 31625198 803828908 207134331 876431947 168795784 
168888359 211329831 818617376 183379181 741993152 429470670 223825713 548934032 417653417 380694633 203833505 678809289 933766623 333810076 577553781 621355367 89019297 522284568 125983460 820739784 961734590 156551086 39983525 573300158 69767204 
1071126963 604925356 873596112 204519470 407615479 1042391896 373407830 618945310 787267448 556787011 287196639 142996295 780612724 836130671 560649712 87565533 1039964176 165717177 1021332157 300032428 743270958 568945700 389051725 191813702 694929160 
136049685 79806468 851480246 176033210 653106626 921247450 173418349 184290158 721101739 377937820 591905638 689751811 751345650 137109124 403277436 234390837 424305763 546273731 1015003562 186694610 33181619 28827271 152916962 198898796 1050159428 
452949390 942169755 545363304 842001115 60241633 166550640 978050800 140048102 1018030886 80342186 793154728 865536513 253760536 977444887 512896428 631698356 495608701 128906415 309302182 632717825 532183851 543693019 1057023589 4715758 484954757 
169976375 37897377 513782029 322893338 236796174 490199633 775842728 105224105 1035562938 544102020 165465738 128371754 448410996 305513840 72660817 528753183 24926745 938197330 782513719 1002371632 377351934 340470251 424238509 506258349 649772433 
1056956334 1038442201 119723628 1040238099 1043157959 604678386 136472651 7313513 44718591 459365989 244109687 534918224 161466893 349333792 496739338 705568913 514799530 625111093 80238086 820313371 697771910 608991269 845240116 562227416 317763164 
773869924 939579350 658233415 124366609 372095875 234264024 107581119 336796252 353987652 74077395 306212388 958666038 210550046 313525901 1003384629 669916035 557635588 464561030 831382928 906969380 961300368 463210018 348027086 512669637 543448104 
94598633 136699723 78697549 939838749 698927139 396460713 639966849 564764665 1054694128 764333458 936860541 215216328 871914578 199914969 569203980 945991973 506127357 454128195 82800195 819653258 383771000 752716230 303547022 848332030 510357334 
136774578 735890575 973567352 484801665 174818388 443273632 579400298 311518112 521971181 445497224 1010445251 918431894 11722249 501468093 899384198 776055708 364586810 40858702 574228462 564501779 610062683 446478611 1070629137 1064190878 529278806 
816540571 374220054 208253212 46345770 148810261 718610546 183120348 884700836 618436075 667922013 1059519224 1061709707 173580488 297295512 509939065 619077712 233998940 354629135 630799961 735467033 180271510 333113845 26312019 221130212 907342307 
590813798 831192895 280079094 587701111 821641949 809357900 330499859 122120180 1017611112 376845629 270930441 662479835 559965977 81889453 207174086 154146167 67666853 195141969 327726655 364962366 705081034 946804367 598961306 1059710170 503862504 
260686515 166239856 836976350 286998534 387370068 670576833 877812332 144821140 950655928 391771620 966463089 686272004 722271479 14841445 630141293 25375284 285771886 218879304 585341261 367661339 426053390 739487428 435328193 621195359 1067214083 
800290559 252534570 940276626 325510041 238502916 370397307 586196556 404742772 133631833 873195090 792112840 804208666 677265598 936933980 681122770 1069037218 829655246 293652951 717566873 844496691 923794244 742942157 56526754 68931724 254541595 
424188093 494985114 994029023 859516286 42438649 987501283 586065021 294973219 854036085 911575062 533476135 150691568 424029794 938218907 284323401 223483060 656589924 14790244 900748659 519782080 695913014 896044053 275695502 989565965 539869103 
46450370 839618385 209069436 102977124 908550109 463611031 527165217 329793399 383898231 312939680 372232049 297657690 899004701 667205268 77951951 736837940 126939580 228643520 87125910 1065158487 512966921 310608971 648006587 527757165 137615806 
94046844 149928356 1033659859 369742346 65752497 499787138 416192716 905370883 708856575 519169840 740179168 98725782 1046335058 1069972568 482624013 285532914 368462793 780281703 110795791 1035668061 858233655 847633731 88865817 13135351 934759642 
80282481 526102272 171626789 728289068 1053859438 309242595 822335912 130045970 269160630 118336435 195798467 768947769 534529151 27427526 404062520 1053698992 767606695 502788302 1026292226 763837439 985412316 238083316 58558408 691952195 348879107 
20484645 476444026 122771015 109350463 489579377 1057530657 189632944 1015681650 155415622 917922012 995799264 464658217 666516101 52103410 733818847 784852536 247901877 429024792 245639863 275329404 833087312 225597031 1042936099 262133791 178147433 
733031714 173804283 416230749 791590122 865756478 765109857 812074767 268458681 887880872 921425230 758038058 871669705 37316350 699977884 1027085327 955238363 622035324 418001720 548012640 674138734 78078743 259123352 922040612 507103536 504763215 
123628192 266449024 730360247 92822467 528582815 908507680 825854181 702387098 250996606 543702479 494401753 1016106463 282035422 762860434 830245511 129718829 447156668 628173392 167035179 73392729 581516895 48531718 695428053 999518615 596544358 
295824964 3855534 855667710 144123752 510959070 286689102 267751944 777408095 1017049349 360574411 232249086 851815205 112686768 934636185 29069987 656389247 355296114 1045176450 938424669 44414724 801680137 1068143498 491571392 356111705 161436854 
564964121 937628600 209968572 186650351 863405391 806512931 482475315 867260926 588438817 626599067 304478172 875127919 894351011 8144443 818435444 181183598 240393530 596508826 293870366 101287891 625578813 950259613 456584005 597013440 814942458 
500998729 324951753 809344133 992570121 681063459 970780987 483792419 544950235 107007735 670442770 334613803 913520666 79176261 128132905 428217660 705775328 432611077 229603755 526384515 440755521 1048039200 707568113 681149051 570806202 1001438479 
782436942 122643191 877956268 165279123 719656631 619156902 666277852 1044608385 354759211 585106149 651930020 251798374 1068898568 123138431 358806110 665599514 457752234 198584952 744775775 585885139 626802612 376809279 1018496217 856406368 903193794 
385509914 830703744 537020083 1066658965 327768122 464716738 775354083 450411313 268931182 940633206 96326121 888088085 533169234 67192682 169105472 44533559 719122702 420903847 39690304 842261133 779709957 705289818 226271544 978294909 376323770 
812156683 531355698 753133049 756911076 314020242 582585020 68679166 70982162 45863279 61596307 398750284 510580018 836950390 849161597 779511200 703841772 945487718 593857461 163269182 1012680400 762962934 207802742 658061278 110124957 247493046 
426580588 889834914 952782864 652852132 794387999 255364810 391266991 252001873 1008497860 74436244 566022115 517341056 143115410 637004277 563204335 204711718 1035754561 42529 1041662108 811174335 779553730 671762057 682920229 299669367 835031239 
621858806 1062632301 1042833981 206178260 99015434 216585203 632758848 988850348 95626244 211869156 709496524 350991054 603136148 961498397 285747090 677572392 453778689 803088146 820687802 17041142 292550658 1025399520 1052795704 292593187 993319805 
790228215 1072146917 591340038 399406620 298074461 352629453 1021265426 286964938 321721611 153701863 385980373 538306814 786460711 301088897 633933058 998329868 1010585421 984924113 527724192 898341995 196929379 131554760 278378860 1000017526 952242562 
295420002 218826360 903900259 274473882 511419547 823478240 1064702097 509824641 341076454 390366894 807899102 693705907 337890496 21122216 1015427518 491592359 407102589 479992509 204311247 708191487 40183743 128899291 645035084 1025107856 656623483 
469635255 148295412 788178243 748014115 74571114 666678981 1043434118 293397474 496837416 244166176 804817021 246573832 235126450 240899838 587650286 625493344 1048798940 207614370 963383840 1069921157 149300064 381234376 403281922 629292573 585545623 
37731585 669476317 714444914 682766670 620842349 297326573 78660101 769137761 11762992 826674217 843708875 678441973 796366511 63364525 101537566 1040532687 868181547 348111398 201917313 35339561 935761685 827410657 10396678 69634231 717052674 
6576011 218934295 24545226 409857933 848226869 610090849 447589519 443961362 250793939 56614365 1064803711 548120512 135274466 760199649 559883504 961948683 530166700 164583653 684573370 593531226 266121219 651364234 387970949 614232618 853281547 
423310510 476252479 606950381 433707188 545886710 250261231 440283199 764821005 274806457 850141133 539306050 884897306 223988828 983267412 61949421 280603193 974329300 610069933 415877659 660787125 96211613 304084519 117212001 260795266 988657889 
710743227 526916486 566280299 24972352 67407280 345820023 448282863 543659759 952770404 881990051 15804645 129289811 248531427 780625650 404096268 24930736 246189877 215251750 248919564 155715465 277201171 529522757 56302941 887271104 945400416 
717090066 983482717 175743111 834302068 170536159 90659177 471303471 697452645 656939476 496275824 764859925 1002759499 944558687 234777860 881788079 752806914 250582505 1011077890 1001338341 1031208156 341432334 1026269077 203656209 556684084 201446817 
359371674 833885255 730969574 415674616 647414535 602628167 59022858 557155428 778371278 893324926 727691588 869030455 290886574 351402409 452228108 787162398 42520511 381245783 657979261 277298371 189292039 337044351 527880877 126628105 264640869 
485347209 468060440 217168122 689003418 1024744524 418614940 1048375092 784887956 75842690 390307884 358560667 678470857 449330743 915716096 383100312 268913845 569665860 178388943 559800419 921068269 630617051 273220993 963588780 1011862835 931200254 
167145328 127413050 194502782 695026205 254041155 459143651 106631590 722101595 676311773 795635008 673104296 21184889 770268276 384250428 97027580 86834337 742811095 775498437 536165080 584785367 84856925 805078925 80709403 263245869 291137521 
1001777673 893862920 564358514 891624629 831983931 421816945 1058769957 959396981 616319727 680054338 139696313 1721554 786685928 861797908 678033327 508579112 461160380 699218217 205105565 845410808 796245797 291939902 514480080 498002410 828104982 
25523623 582859336 559442083 106233027 846105205 850579604 34268876 666226301 341196295 925893505 424468409 763013240 910921639 310123566 305591143 517234153 449819879 307312697 230178258 237875964 985346024 738757370 699036344 610822417 943862935 
470705329 333326390 162061013 985185409 831328801 990165995 1010709032 340446313 475866255 43200235 112809694 252704035 77469111 779035995 593900330 1003362617 129762580 283171746 840542432 439886147 588762889 284034761 889706026 896075586 514213019 
53840166 807679787 179228566 752876511 344760380 49349677 149840016 678086771 211410691 61283601 435673748 127834862 1071992633 776120061 603701117 41451045 888929755 856405153 118920156 594223926 376563659 48540949 723986507 659735406 889083381 
90130830 174756471 99376319 979836856 1070832058 613589338 1033677023 804770021 792817904 712811710 75788577 842167582 862651726 753875348 1053578273 923935327 115807272 107671311 922186136 891927333 711372429 963637181 707115264 494035758 8815514 
227597367 870599417 57356463 951583874 456592999 946439845 1041714704 631349471 1045816164 947809736 628439705 585663678 907744935 359467902 304739759 546814821 435256479 73165517 335724723 115390004 53001966 185918226 231197276 160673277 34362539 
49382786 872045706 997999720 756498050 292339640 1006815234 984095417 89197234 1064171698 861937467 545790233 936869719 829910347 103397880 908944059 703978260 731837585 420865913 537981371 17563663 725605672 11054369 452820143 798771189 346779092 
568210147 851773155 532697319 799407423 1012446433 567059858 848790209 810750315 491317754 531546436 29348132 424391165 441900029 118545366 414821039 230095673 664335599 277948934 1060006020 767733480 113151169 690242456 425829241 534017082 154482004 
443392905 185880931 165536373 896213048 984652120 512315465 390681371 762683452 1045012784 116346970 701388061 538330818 965137180 438396552 1029648573 422941792 467744684 380297914 864841821 586290050 795118953 21195670 176883826 1073067887 7459867 
944617306 112477232 697702323 296704723 646494314 852184327 740097628 832375245 1017720700 562568852 743285542 456294342 953250223 432227170 427565302 1069597194 59873407 965896121 960992550 498269959 921802870 310192518 966014644 228358960 101292515 
478562870 1023477913 122488186 655446696 1022803976 129948053 526322178 61539384 827650376 823026902 708033698 606092880 489382706 466667120 550071756 1051951559 136210838 1006366098 931459958 568438008 360189577 927315328 628311415 252343874 814566054 
52839550 100404920 51016748 1018854194 328763880 152309264 423675241 278499969 274797450 5380113 227562121 404745503 531702292 289101505 158654055 280987370 997135203 764746935 770370076 390060499 241076868 748579811 526271337 173701142 606297946 
20967521 533890719 459871450 649278936 786234593 200695681 702118487 886639513 251712429 647230857 141661569 404021693 1070906098 420161538 678819143 2544388 647723659 9822822 534246680 936825164 168476878 815234050 860218544 933223813 511862302 
176537219 100558857 186700290 702808557 274260000 792998236 723776078 808150719 179127862 299313191 520643489 379823543 1001431678 333541178 631535973 574920711 475202748 1035557666 572084986 895364286 640634986 574629374 469346122 650457808 35134230 
332429462 818934686 850368280 118906182 678416676 288488758 295443402 778975533 475189048 998251959 1053235533 194445460 648286213 787644429 373573323 947599404 234546094 753396866 875289258 568087272 311191015 376468146 1043290020 273006858 948553132 
864912483 913641844 449440682 260516781 490357828 484574912 592946243 235550691 261201368 711852426 913967367 549690126 1007295828 619201076 1024879175 931805963 598694786 145582811 506350352 312597391 519156134 380207933 547143485 198811177 181755367 
41488933 510002192 558223513 11037130 783009050 433034821 875949613 622909070 882475503 62724570 39525075 293308591 655670813 275075766 554509959 293781415 115301309 30458262 227335419 734502385 1055337437 85399558 259455347 127178424 591749911 
572052738 646334559 971957844 45454399 845145736 79971387 86943333 281406104 638194901 97980463 1064415155 1071229722 973930076 613582401 879963402 1036654646 653107476 99530169 618583635 928183242 654040129 912365051 1043484551 684498391 65958646 
704245113 666094004 151358205 963700460 793272428 743108116 462011375 365865163 641324136 507465774 137269075 721295523 594409107 418675180 285748600 692389570 409348511 283236499 592577822 1022930912 89458077 555490644 602296565 188988246 100332456 
456737983 843028375 1012697507 426480711 453784942 4914329 56984000 46137122 156272534 1020684460 839409551 899380650 408954011 131532890 466962962 916419786 268801966 114516662 437087069 687477146 400265262 55734816 23083833 683501761 648312638 
1046014745 772959838 130061459 574569486 961948085 230393915 1031307470 731234636 169349598 384046357 111277755 174263927 441030357 157414877 330536462 387972993 996824428 156175288 796927005 54615495 623138251 639604967 323417461 737654913 2950212 
1010894607 64178351 58685028 1033978440 747680113 706997667 1006251361 446898127 837059126 507079024 335104388 1067453041 464644670 1066339025 163060815 848691027 103874956 337324742 215979560 261289833 667861204 603952553 184372438 824036493 327137734 
238987933 373432920 966742701 562405394 37346009 969692914 499558177 101524360 1028377942 459794793 849204473 661633785 392304330 222360777 424951087 899383354 557465165 418662304 290286200 550062366 581723119 65235403 653937322 919047862 281214963 
915227156 513167242 885167517 25857770 263461911 138563427 264845703 636894831 31564305 827251097 674240840 1001257219 253067450 775765201 955893337 712862243 551227850 543785299 31424749 773588627 968736386 930808104 257311969 313656867 147352480 
807374335 895379986 212587884 387569834 740686024 493802847 229055166 180111443 305228540 254912936 443573354 443791968 519758639 6726362 475356273 273267912 680967202 402871668 526335362 382990579 285023181 165455781 934218430 828808480 196880530 
634065233 723803043 53946810 891377202 1037459910 201299291 625009714 859098072 413887175 1012579548 526042273 907690022 167892890 706153716 139176739 422805826 75985246 582968707 942564465 82711608 1058324980 142090553 763678811 387454824 668425915 
72927566 672478005 833881696 1007145996 427544662 1030762226 567469406 77605881 10967213 385104784 41323967 212266504 1010114498 900422039 626153679 948952222 352722488 460101877 43103288 1058876204 599278616 465909114 61119627 108505499 334731755 
143831235 93088655 476822308 907510046 480543479 71506399 980437613 79279661 905388095 913841785 506824323 862408498 407569367 584430204 873375711 792674152 625754171 11900391 729046826 452434386 638054070 604257225 805156875 24414123 647360513 
790291255 623692740 39527804 851410882 732198239 374259559 995242118 825286895 851081868 829010340 232088550 922588267 735706129 311368211 754234539 575806091 818192534 542901213 983375458 328880914 342535100 702307786 954635085 354435491 357612789 
333327648 992489561 961870014 64742699 1016903684 535488703 855033954 566854600 575016507 632703013 225311016 949276067 554203307 1050597911 726616111 309471823 208944637 575462554 1045177953 520312849 255955269 547242220 264763559 798856482 456875854 
593644474 67649758 85441817 474537735 422085249 443054606 807865383 340832986 331182796 872608082 283994847 866671499 653900213 850849447 367946183 212861402 2418639 243480426 767064709 1053016550 970096537 2794708 188219364 471817267 1047972661 
708532213 727772537 521473057 973295772 452887195 978348912 493198422 520536954 1063790729 967736158 942622203 433103511 701859717 209713366 764286307 500725976 493708213 557215982 80884365 270815836 925162165 293745767 273234476 94900767 1060810476 
252509202 1064997304 1063605184 440728566 463072748 1037836022 75518955 117103461 485567255 1048814728 569990656 390174343 468271326 16785786 380223248 362265660 959407990 813326759 1064125378 95379532 503871242 491109530 589087745 1061087225 571993895 
859903581 912507566 865739662 59396233 1007408334 852808314 311905436 998663814 842671674 752634002 387994738 806765872 828152958 505098199 218591304 803225862 1347032 608765647 197755364 18132818 988988896 560021025 977540808 728573831 550404579 
1072920340 158703250 1041514109 588266261 146048651 539766180 374428019 1058556217 331764018 433824252 992222727 110830508 745729688 917144718 953502182 424621867 231397632 686526231 179033001 736495832 905117535 982258863 737842864 440141358 106272403 
755975682 355388430 666293428 659774667 10220438 142956183 658953183 168923688 110728468 173477621 314972339 650494648 547905640 299786732 982258666 981729892 218267636 19347350 653717757 61670530 972849533 4597800 293068162 585633940 183630801 
1029563994 417009651 92147840 693665034 857151009 198420243 375898893 138797616 864713672 1035673560 149018054 1007669855 620884919 317941742 44656500 794362540 632914081 695151148 268526356 932700813 603667991 176514425 77226625 623015341 830232182 
138897155 522123050 834829982 431965318 34015166 1018460783 387787488 451024817 36866799 7710699 234434003 235287042 383609592 373231619 26258890 345541328 522249673 1033928746 966426247 840191415 4843422 687046964 399363672 699994570 955573320 
258322661 229920737 58345921 335549287 852936079 888578103 474446442 301317305 649666261 906411760 335332472 594385220 220457425 786357289 631252019 228168124 1020791292 866539062 611777716 320281087 892797952 957319044 842530760 852984874 850003467 
608980351 857828296 463308607 1008344023 484081043 345140104 192924861 714001780 403486025 528474148 493196035 218322305 1002920590 794513341 867988566 835590527 56103989 388631963 1056047952 842461278 1019883982 210474252 789510747 812681220 822251968 
36050010 631737349 705829188 878580771 410980399 482090831 413819298 195066872 945399439 348421498 679147915 216797719 541346359 319407871 620283744 1069820507 812603907 838606049 998999273 533375424 632852792 760847976 589479413 1021484755 743154104 
358198867 967626913 953628356 73967790 706566310 702138500 110017801 264561835 334225864 988598572 675542234 816316696 328676046 870609106 687974311 677097544 476015197 904772030 144702079 795423069 451313950 140780762 534285152 216178176 66038212 
1067660576 849030968 826886188 583398165 796773899 496298469 941597032 690658988 376185001 1015564823 323483474 4581678 51840800 588045309 338807542 1040439372 189845720 81382414 295373594 1060454826 769356725 972471139 462728200 600386931 43431394 
184409445 1051700882 184212157 718694597 194137234 250250369 712613349 1043168202 3394733 222269690 766200277 499693202 90124898 383117441 875878204 31947897 706600916 880459882 83788697 220904401 145525600 50486245 410750121 226908015 345859840 
397463124 996264740 244589155 860191324 522909848 288020549 1044600769 500868906 472232706 689553542 695006140 722483075 328425067 664432518 725877809 550694757 356890971 151829187 640819655 740008412 1027707391 672767553 372867504 834425449 756556250 
593771906 979951050 807042496 1004522027 133117241 79160512 328243327 55640157 323749667 114692827 578550005 611770216 85551772 5677087 10261099 775105314 700683227 732744174 29788557 291373921 384880159 580483314 648264892 536709347 147561146 
314531481 490674914 820328699 687398985 251358540 503143125 207429067 157567766 236443797 138209271 290685007 315604309 466452598 346325164 639353976 581145426 924875170 177382369 666697198 930552257 187643468 368060689 557493661 920387642 397849246 
848867582 231525978 978332561 423390651 768235325 52151883 737922132 185168415 872480582 351579293 436526955 301881883 559008361 594094721 538325681 697217632 884779728 853929990 89928406 157363069 419542143 671073832 8496415 596924512 264029207 
939048672 784567980 632089896 422800509 631213798 1029939142 197926268 862739776 934529879 621316919 557233277 986681762 285497227 742401693 785420520 637076520 105186824 13560580 122343057 699281546 551886261 819560689 510319450 332074427 909489096 
667682519 751616570 506821104 676178934 274799258 770850311 541485783 1059367238 329198383 964286292 616839213 285395702 88470736 405837165 146183757 709787655 963070443 59123696 995284882 631730312 844544216 558619579 736917136 858104796 680962636 
362456858 336249233 426781502 872776309 668323661 262528774 466717004 346198407 769349878 69154115 620997666 466458366 610639898 606623080 795656749 501184366 149720469 7310627 589655103 555557635 153494385 225700934 444886254 212618081 147243993 
2874742 1057162297 705863572 739791878 841525270 313084384 28506913 104032679 739865886 901283222 772356340 1002394660 294258402 44812924 698002715 363412517 665810590 90719257 974052415 198691846 886376006 401494958 348412316 893686634 991150061 
903969951 1047181019 143109171 275114381 186057276 290353164 277989123 169477749 996216736 1017781001 1011003019 235559297 1046287914 41293875 975425183 873829312 813650215 904078020 94345891 858463139 528338911 457758408 450531905 619058168 358069000 
649223752 431692350 759563958 997636068 251637160 676972195 827864195 225076355 820081366 29236752 411133631 36692707 307225875 580611381 1032909443 251265052 517872576 194726916 223811143 559166451 96410276 23898631 299074843 1000488296 118244522 
83796158 455085383 576002931 534328064 401727 934071931 109809992 432094077 619894065 33704236 683731238 223124436 861568431 908807593 1043205802 890805183 246199401 6156685 124289234 826810782 1039066129 375554286 270941534 160051221 599365429 
830107986 256461497 623264061 55441005 183207969 741508583 139237163 638293352 243769690 673565227 638695079 104099797 783375219 1070789157 723993862 817079455 680778571 947118298 604906062 515844340 916582277 421969421 762043741 922738962 546258655 
515112699 888063267 921812942 786054234 1048114489 447436547 542420396 230834162 1070700608 597861401 414042132 738467368 737098564 1052335484 982237058 336921968 617288740 12595032 46555363 614336073 736588894 863634819 221372820 609965369 394799057 
737217160 452805822 816768479 425519078 301802960 289285310 940631777 116124404 137356428 652944187 90497069 584792976 121622759 321331231 581751760 719484160 735373363 246477304 382840901 713967024 154972539 719762869 257513940 167567571 766318232 
871850013 904156465 556211227 19481009 440380010 951010285 756698169 893185832 694036940 108475423 121246969 983322250 1049107201 237371373 46936855 628309564 327868442 631729831 749932324 649199673 139739767 395674660 310831213 386217072 778515561 
1024798237 541189611 424536606 208570353 708757182 117113015 6678542 539171823 673324242 26159551 979551834 550592703 782857720 798995842 170887819 891333144 920242811 80468246 866698521 83872360 127405101 421266261 411740802 759134932 97456761 
1060940476 898874699 493131422 298029865 211349947 197905159 249086278 752539558 622441766 457656631 387554916 739554781 464335173 926726740 339137199 490494724 832536750 889729903 199610620 557790768 1060617722 17201940 404291756 67344144 883900461 
488164116 194749245 231424899 899904919 953884177 328881660 887103571 779017053 822013082 111391612 990367000 1019918242 360477890 669164735 568618184 818134521 1056719651 234431141 208727870 909704567 573568340 699222594 668499493 389556419 898833214 
152548438 376432318 916035155 556840194 443776462 726193792 1045004310 638525708 957618691 871167405 518668061 212758528 684529152 223943290 1034771610 795920764 140568467 980948028 82656830 809733202 475824388 900791351 792711029 710255529 35777397 
628673773 210082046 734999991 223431442 599638465 560091382 375979880 976070783 402384713 932820074 346105422 54836681 904082561 984631130 1012455373 701508142 429557367 151472077 312295471 653500658 112501863 34474411 794069125 19708068 117131242 
530060503 495532456 1017922593 249029708 132046162 1053699991 877703481 342128208 714958158 27393100 941766673 201307716 403372980 844095633 603692429 262451231 116459231 658529111 92791968 27348537 597242660 794300110 456905904 748714737 32853757 
36664738 861216600 67328169 830733863 880924668 184459411 287052542 302715301 128640180 536082251 434761463 108598347 340043908 776889671 823556506 367437008 644914520 1024864222 770809989 415268329 554814828 1033261220 531727560 139602115 52311364 
559076097 736844775 846611474 1015982002 411817688 879465232 1052646740 199292464 946793401 809638780 6475309 57510988 22949498 309190610 186151168 559031749 743952073 294749516 899075658 447099920 44564198 192770842 18272616 1069428420 963580831 
433540946 550501424 923100227 965268506 690103539 975411591 450602780 353206490 748281242 392842958 765024178 554004650 371747874 964316643 427056227 107644830 970791952 484567215 130594329 206240738 670718383 689626078 950192811 965467899 514959912 
323550907 1010032097 707730755 341823523 1005718694 597569762 775364469 482478294 446928166 666891152 98840010 348597933 43752108 452046500 23137351 436595066 143328855 577142001 808342940 33903674 1004198228 915987771 1004695626 415023619 1046582100 
137194540 12000179 662466354 13645527 977468078 103684443 337196434 913758352 811415198 679019957 845735222 335243136 380642603 254471692 782171302 1047533755 353311702 57027412 17544039 805358203 80164763 454139105 948687058 657306765 188740221 
982590732 587763169 30986168 913544534 1002786789 3826444 1050739074 1014786968 666292799 1064384601 918513222 769977242 327839211 758529750 507650616 1006859168 530523148 842893752 313759947 784994841 551323231 287551878 64564719 608350643 305095917 
869922922 688515406 759235022 744868156 272080347 947975244 653717064 859843517 978961412 493519774 788888482 982787857 470517024 729933626 575338832 461159801 574705024 271574250 788999012 259492951 779224866 722116357 790016099 548376794 1035876304 
501269116 25958201 249686359 565833836 634308844 554782276 362014934 249082427 240275475 33141267 521162774 114508895 686858331 307264467 19728483 106636282 22411125 1002516340 577153306 752344751 504113348 1038313108 253307952 775687598 753570296 
512800903 481170640 401944829 229075178 1029547435 364079310 730344295 1055505636 613765669 222436307 616072657 94806121 584451241 865155084 335081596 617592508 312576034 449590491 230709016 619840502 469318975 337345298 642251627 398093491 914498604 
320854555 902206840 879069888 574162507 604152614 558898361 13221586 11581431 960843190 242296764 1041128866 251180676 972641059 1022892678 864946345 121335542 565223511 959752467 705786784 356636771 221092239 249637468 669212806 670682731 480346484 
215311484 66259882 817691782 857563111 464353373 658448563 104675842 292818389 463776627 678838349 896971004 1022674988 692059935 908552435 909776355 934356700 875939477 87215207 833255935 825090331 952161553 954591478 316572019 838172196 586636438 
673208790 1059264435 836273906 268679772 656205342 242878567 483991256 722465224 1060570349 267812544 113076774 645277088 372488386 405895163 35311892 1051326736 229124343 1057986880 669644847 63934954 894021411 530259723 939874431 981236619 289773835 
691222939 859656348 170623489 1007794958 624086720 757259927 607261924 609609331 519792009 875941697 192072850 762670576 286191129 914538074 749499102 554003673 1027614848 321034366 926492060 359768188 356346258 904076972 588892531 340591315 499979995 
652827486 160870902 1030239719 518960093 68365697 246271730 136441208 928022045 416895219 70494342 478366941 100413322 677756267 14234449 620205331 479956140 206307299 309134084 766147269 47103549 1058633186 246409119 976574 305925728 99159355 
360744762 662271987 1003236327 949637293 1002863302 429474498 528722955 89992380 385972393 1047683049 158358078 632244123 110382433 12638299 1049139342 180876776 491005241 75810840 858633043 505239690 696016172 264847359 711546989 1005150256 1030994628 
758650538 990041618 203661923 759627112 222225522 302821278 46630050 884497509 232315781 996267344 813618987 661790280 451248475 903611368 1047762673 425189700 1061969446 606264973 535572134 865921 581662491 716448910 491871162 657473332 501340129 
997110852 279747680 766187488 634916017 211156112 723440292 319824732 127455906 927102216 5710020 349681428 156181670 52340071 160437114 388497452 1048607415 974056101 1050287732 426114066 803925645 1024308581 851303767 792153267 556831730 313134077 
793019189 64752398 1029582987 211148527 722225730 457181292 134517556 1001973410 149626956 769433573 139387698 873067248 15516481 266843604 726427640 21226502 616525032 882609311 73566573 776962146 197364939 48432164 677276424 173910847 474546230 
407460245 124477604 252108173 125871689 681309335 565242250 918890878 746061733 521083413 56297581 394545639 978264705 190815137 322777225 54149837 960248711 462164923 927217086 975765192 729008527 579902902 996991694 271791735 388770389 1070558267 
1048753882 586135328 45248607 652288482 760046175 519794838 1059748727 884523780 771903011 111878592 492091291 263403438 1030769470 164411200 784486851 13325228 558956839 689009733 204140365 881734064 743159570 90647252 270157163 596634832 1066412445 
999165690 102795911 989662315 197215601 491566300 986478759 172227659 3959805 1031727366 824516141 764005980 477780380 810523045 574787936 175941568 922401637 1066879227 439345006 879429284 157548603 150090033 892754512 716505442 839099766 23153053 
524497682 508517513 113800306 794654845 31410521 106470927 720078711 134206432 22391418 917294313 625772733 1008870177 15780148 629732538 966855720 840296290 319996694 370894276 577077511 894784631 546835844 425737324 887922034 986180850 231424784 
1045470638 62529060 50437472 688234256 901628826 73590526 138990115 336404515 187390832 933644960 367815037 293861759 579981848 502021469 316253177 423534337 54052378 251381531 439314485 683784916 144495427 205868951 1003781611 515389703 782946462 
824824418 1062225548 134941963 639004628 974664574 366366747 610733442 1037193634 416804220 225225875 865080637 490394746 364215990 127743328 677785578 224119126 495558365 971647337 804100974 997579835 214158690 153893487 1051632213 465540221 593207973 
661675306 610035648 799076924 591715093 51683528 508281563 342797687 40167252 643223526 981802315 1014831826 1009590273 518793934 978283637 352652669 744019809 769622450 843047415 34493975 897365778 447091169 258613101 319182320 344996682 1062714076 
243020331 559155373 142865739 220910720 1024695594 736073712 882586026 560989419 461408813 400559295 612672947 969690376 743356982 652840199 539172078 651417474 593930201 475020527 96469584 498472014 827673197 840489393 194352640 596978788 874983368 
17976595 1044069958 59854645 337158915 315324816 48826897 580179246 874480189 191692637 801089966 825433960 927766349 609934169 312681555 315433338 1010493464 925354502 211381890 680108623 504452877 750553968 257784273 24641254 151832672 354253857 
523113269 979505869 121001426 717465909 502742833 995984794 735442504 473070967 1055839439 1072601419 788395784 30924513 579038841 589134149 222617150 306386984 340826285 76641675 916321153 653507840 392075014 853072793 505120518 603456904 459439592 
1009573395 280269049 717223865 1034214650 432101721 1071477722 483586095 337865766 118737324 127310180 840608599 40980294 862752685 239937743 23077910 861612280 1028333527 54002423 366909298 543725852 276619573 673296282 884552138 353261248 515875611 
464318154 745336262 295206580 969438673 275051343 754646173 905270244 555320392 398128214 865743070 987422113 395864113 275587341 251546055 514601437 402897522 18412830 555581732 191908383 258350573 578659642 1053520663 212942276 632662065 346688137 
756668129 909281638 1019984419 567478443 188801062 462118206 1031796597 934137325 757324787 927493446 135446844 438229136 759021867 690767236 836357350 551023113 604447525 158479639 826610455 855993580 673081077 155766153 874406410 154920985 347674536 
59015160 733580627 327453375 271957436 292500868 674141513 1028625565 128040682 620384108 522362184 316841744 8760491 480416958 177237245 766085278 334168580 312684089 130572590 19448623 1003451325 966929940 570471737 534157026 51667756 323340368 
316408782 724748833 479106521 117073369 879669818 826781057 176088529 539508621 80492608 448045965 832009489 754634121 402929707 960050171 301276406 925291891 203150091 310036897 331967025 380387337 2380351 666135606 693071426 132952941 685584229 
622780928 26141057 182314142 83196130 77808813 505654510 399604913 802557646 984761031 516678282 608485640 737800264 692766811 74252437 818292873 67070952 906261926 499185170 470000659 792570273 800461576 321550727 995720365 36756649 653517752 
302365878 39137000 245911534 995437304 172089941 931495764 544476408 198230999 40068082 627672539 276039812 545722593 1027277452 4855635 456741800 470213910 613341275 120800241 89238897 687593713 939093114 156309849 520113815 364536460 626310509 
238942265 91256213 947861236 160920806 128012862 527637164 463286684 167149863 773548699 384982164 339239804 631302639 929458573 537470803 671370721 483389288 813510616 143351490 436924916 818366251 600093291 907138826 357965702 720893532 996377723 
1045559415 586244822 78945748 491931407 950781282 705256257 730873672 1042037495 579375669 891794478 96308534 33271010 281339338 263458397 806819709 666321502 602698201 364380524 522038251 66427181 1035751245 1005427539 879937797 105360912 368610631 
624562224 705454203 202007633 982527926 352605911 124643532 954345518 938850733 203589281 372535101 815890191 908845538 29666949 784185863 414479384 921461427 880494397 447750394 129058941 70210970 180828279 795380443 672909171 545208803 243676871 
739336352 507218224 175362586 545532325 612579136 543973218 96352725 244291515 745980851 5138828 596897426 870624384 959484346 462006335 471841 258277623 204154703 909317379 287944572 988340566 250054939 135664175 795093139 697805333 264723116 
865304109 878633612 1060103559 464471456 350100591 230038606 130065985 857318816 405401193 675598310 396156128 949374411 771951036 640447644 621613438 777089864 163603246 418495998 662832386 625609582 418967839 921110009 829764285 254543395 135312757 
744363027 504598334 270976932 465714342 128661844 535700048 257276627 1007295456 522061783 721748083 283654224 752100390 851814068 67231216 83759759 453670555 463387344 1033134170 151879767 30093164 581005784 928969631 193696411 999501783 518060193 
819305993 344727798 365428378 575328454 599271193 500741135 245949657 30127704 771718067 711663999 158789548 233676291 968940626 92343180 755738074 616946885 375997404 434096640 395019130 443228620 517856399 848689685 906615965 477248745 1000569452 
936709129 1058254530 855797259 56663716 984014489 300115628 875969709 255000463 665544006 377556339 854271657 92543317 623505996 884399361 864261384 261428171 1043188909 24195851 156626973 61790265 779933925 773573859 437787670 140288742 94851165 
881016290 658145141 943540850 713890431 61652063 870368478 576857737 46164769 652423913 633521453 1030179258 952539541 435749339 211437897 544341723 813305678 1065709554 636885040 363069851 876367091 427404600 624498022 845814176 451600451 781124996 
907604442 157792552 480957031 271650288 298081294 575808196 78924754 956226436 445607222 792815186 1017878499 242233876 295931099 1064043268 894657789 929452552 1020480702 773455506 291460067 158176775 244055405 31023922 150144506 880940445 394093773 
1026511597 234603221 1018591795 798583950 686203672 725974967 632446568 843996224 133190174 904096856 68335695 708998370 983021610 1024562131 80863768 702094972 968698806 323097644 998026071 959000250 144013609 853736800 905739128 917469115 71455043 
1063915903 87782696 102478965 140318585 968723141 496572738 93088359 129584538 441422710 891672309 815788210 93655853 450377053 586042611 226846028 280732085 654378306 935844398 190011871 605198613 1016708167 892106844 500155595 266063987 816391091 
385414021 410077597 596386067 217411325 253804888 667841111 207585404 341587585 770320076 347903990 236568902 193150991 440992349 366153441 634573701 258922834 108199827 728229554 709299887 694242438 955075582 990031972 274878920 817178157 106302019 
880077533 760144500 998408863 306491304 1026208487 741058131 691905325 362544260 263702374 909316650 616349149 931543485 43160231 957936734 628121738 391064221 120763812 821272729 832056570 486917253 382104606 17237580 595117081 36592336 726537467 
215617695 991667919 642827615 490496616 735104252 749129634 296832325 421506928 673796674 603323630 373973591 341112981 221487131 736517852 604815355 57061958 279125177 462617017 100222189 163320087 16996931 491286410 284083899 838269660 249601156 
771001153 146632442 266838736 292376410 183224778 993376203 507994105 101150873 562461994 998490721 836255125 237849804 221581223 184020229 911646478 824904853 557993821 179017635 1046391984 220769849 783832991 29712118 499895026 172708184 129934307 
663215113 189705115 621220717 947299012 1027974775 870821873 644558341 100865393 63918785 936934751 284090171 1057294988 371187033 385241045 546015158 295935930 147754346 783864963 517517153 331774576 621769617 268680182 889768397 800787253 241330343 
36796422 510878420 271042461 536691448 683586604 400976769 126164737 873291719 1022197486 1073463749 827524670 819277536 644280267 928390063 883196321 507473194 138738410 866749486 878660227 523979455 339022820 100854334 671733802 49145959 618371487 
1003508378 670915577 887051670 819534951 397961006 54640189 856331373 908839426 325682650 319280997 518684206 726659419 445445734 318234101 675115082 445167659 72016947 420650794 15706102 1000407010 230105291 523179297 65403596 23112953 328097700 
589383052 362135774 428952034 187375030 411281733 1047323522 117141584 8455486 860633368 936676535 406416492 915273557 719266084 241514094 167214383 1038547081 760198300 893873803 410250991 4690577 495247061 855418650 76707524 915897855 871124753 
3372710 72261322 320562226 68776307 95374276 648659926 658159359 457510050 3870137 845534389 868791783 1051193659 962675973 877247270 838085203 825610684 209921938 679616936 471134944 451436033 846831319 435940201 137892509 666963298 846191192 
142583087 88468535 627868018 219290611 1004366390 425250947 222663322 2885889 745813173 291439629 98260165 320731276 949598988 555770215 324601413 721391553 350820174 302053248 610325702 154325620 66396627 362194562 364247559 746013563 833329506 
815683592 519103058 195527883 953576101 112324533 1041719075 22417364 200793068 595845269 241707976 131417635 1021096217 464371298 134303524 693167566 755810927 232563689 1013898842 631668091 788333904 264758431 279317820 65412254 566811679 889643522 
219737875 633208306 178096260 583985434 305480045 1011425766 325927202 824583104 133211825 205761479 936907637 101189076 228178844 63958881 697034345 469886820 195376516 644388738 934258118 329680040 263814481 616327221 562243729 203971499 174253488 
276835809 468729931 453571308 342248064 1035541610 269473006 561985939 595008093 447569266 72229549 900488138 385253208 398156751 651329418 518465033 603918230 514495231 619654109 832097074 578454113 242946630 228242070 773830629 887335369 88758364 
29768846 77408026 705085585 592012575 281379525 879339073 868848385 750109456 259168557 137354625 711909243 528641563 699340564 233175512 976210829 771570113 59921826 287722213 95985040 711251245 806187246 699903270 152004652 352099531 458258521 
730458765 595046162 686500591 430547571 408639707 775258956 460316417 486047733 406602717 1052328992 767427258 212199967 847435553 443794891 471368524 984790178 81962310 1000010088 610388918 315137822 902479093 308217207 375059648 116459483 404202247 
12569069 922646729 30363694 164573722 201004437 488622215 895032487 796050599 101380982 251838234 130948482 876639938 712154651 616996215 209500832 690741820 310681649 421700799 464435549 754476540 893069323 375483904 836438850 819337587 985872822 
77834848 648074857 220348206 452894497 764534340 624550453 465463566 613439245 654914147 630037288 814443682 69794538 451327952 536752457 171175521 703166186 667700939 1047815459 341579014 210955330 183574467 1032320834 521636980 605275266 423014559 
202371696 424602766 798498463 1038810547 170198529 710629462 42903571 818273386 930977668 495798068 509065902 481786297 961261635 48763324 62958621 517557099 863207006 132753159 968885051 326217640 303928680 598309414 993918579 278002316 939888428 
131132086 461576783 898467438 652769066 1066852050 247740173 855140762 417712992 1046238637 820209485 587911521 683126275 863113057 332443084 540362119 285169301 841508986 1022148416 172689112 890272310 11365213 690246212 679737493 144118373 585389439 
1005955133 448047053 109957029 926131888 726049369 1049845457 1057263974 113884329 874571071 636291216 106994555 48569421 417690155 524707547 21066234 164157816 38877244 704192509 1027270873 371320328 170812804 238698351 139087491 119219396 411387463 
1029359801 130584610 27891851 635355470 274702983 613281291 567568779 722750036 723238320 419958844 375057582 699341954 403480994 488941911 500171201 1039772211 595936466 548740622 383720542 46902189 569806856 547878358 85779433 200257541 501407408 
457099762 371070345 740105759 596187253 490289742 77751398 551805230 620874352 105643250 113418877 895577335 718924541 680987656 544585547 368421037 27204676 919643129 1067762991 430685671 334843216 494192369 396716058 930779682 1042932991 780436600 
977681871 538998024 254573134 1063461305 739255565 755980542 446819243 36584087 422344477 1043006496 526873829 500095876 521069902 74006357 605739126 634488779 969583692 250921843 241734612 440427415 619342880 268939288 286328721 613364048 699624959 
621171937 33814593 22599193 478209796 3005760 803035793 382149843 542003784 1057608928 371869324 207517526 739847646 818688567 244101613 88450300 787953239 770975442 588546176 235281318 844981799 120543478 869770097 740823667 371465321 37762885 
107509258 990808201 306702174 393837979 530430425 1006327133 1015009917 564245018 1028926327 419477889 567250779 758220296 801627732 35512739 742087400 99755233 243030265 408193223 918443800 487131878 496643523 632655216 184365496 11447875 867936534 
1029347295 131991353 663964807 696429138 503456674 701727693 803938397 420523051 1008429867 124034552 950953477 941015176 65302645 441456671 896199679 484780534 1008707450 580678152 212666443 1044220190 249023728 312421676 213508631 657216951 157123652 
700640510 80118650 789778868 885006006 91566525 583973578 840611478 223557878 174196562 463298792 727014552 875924255 193495365 73795780 810612298 317529918 1024749257 677885650 382832563 392464104 500343506 867613098 327429731 7279834 6537717 
297908097 256303562 318959393 511416728 913520514 476083045 138315414 993639164 192120090 1023321421 11463866 776093668 790191075 235021744 950290230 179748043 962036297 752472661 373243409 1035832077 489343135 690773327 986839510 93486962 1073605890 
305561790 593830468 867477164 632991521 601110302 874014881 930899618 857413864 119232450 368574523 697192554 595315496 506889937 617089895 787435586 456469534 628553761 489787430 172918785 863575505 366335837 352666829 751869978 45066674 725910238 
713960231 534409810 342941741 627057917 627896772 342805807 932619708 147985416 136541148 491869405 749095718 1010556029 349027200 532767758 56046656 717601723 156218489 651362152 150749836 773308384 365055914 607219371 328120321 854843344 780138156 
117954002 147437357 59063161 869823981 192504032 784973399 510042388 726913842 54173316 63358482 281068790 396979124 995978190 429054206 533520272 414105771 104408100 470334477 763132971 637175858 526381133 406992870 793394347 104001461 557742707 
492960907 469057375 91220254 821081228 250158896 871358410 939035231 397596253 930421572 735117388 590100285 641653147 171417952 243272303 695826464 234776434 524341093 19063764 157012800 953395299 552584036 571118572 1057803399 1022918513 260509719 
621237434 475557823 667502590 340889957 579559284 151503473 833850865 1048616660 242723727 581190269 225033732 40340313 446483676 622629985 970761885 107859240 138988447 538673209 279277193 382260750 160757849 514053627 906601844 179821613 671066428 
786255319 732405649 168443176 770316895 681582338 428952895 317812505 83398337 22713661 658702462 662957622 174217134 418811503 637832458 416940861 1000001773 862866190 457281175 372743625 411754351 354301236 480602866 550742798 892974445 759880059 
933003549 1053732294 200191862 765863569 159812083 871258290 478377064 892217732 1039701466 174952135 500058247 394912538 492764640 583456584 417626199 77725279 172672382 591843334 496536782 810504840 1008784195 422796731 599629206 392323546 795540357 
1011383558 746624783 202401399 488384532 565857404 962281458 347646257 545847875 88731496 39768002 705659958 959989787 518145067 524135867 925949429 693097202 1024194114 247120143 112120019 533908874 664746343 189845298 706581257 182847853 686382080 
443344273 117890224 35436988 1042973480 510213771 830977345 980615214 183096730 1033378744 395257922 748954134 921918378 742904180 221060185 1010649874 782672182 926720144 896897837 227075425 377114187 749105443 920172628 327566477 996225586 1032292647 
861475351 587230105 148396121 494314784 770077958 834778201 937659058 887968183 870215189 906890714 324440130 627450710 813764104 507536860 587087630 135280202 182749170 435264184 878184382 403809356 372172235 587114741 256787676 195328248 814190166 
633901863 944433691 660620970 961468340 866917454 619171793 749201867 380405735 767567914 169774828 76741870 528604292 33692062 964710053 325077657 940582776 215408359 952528368 680605056 722945219 465874174 815885258 905694389 901138359 620327817 
235761921 199568770 133700734 492549597 394897018 947890900 52709636 265588886 534770047 1014177976 58764516 80200016 689638020 439170251 847767931 859412848 515912121 302630399 893104910 406880350 627708056 759945862 622288709 506494600 366809094 
271492104 972368775 108952528 103444670 799765310 729280345 339206591 999334080 862981079 831756189 320489274 737130156 884465825 586078160 198158379 824901978 644842676 278358395 440798174 10271104 52384502 226469198 526183225 355014901 45832284 
933063576 982722958 805778146 481610461 415475734 98845416 753102566 314102685 207797944 856547236 40126171 937078290 122012003 1039460251 726317545 953768192 286207702 389705877 764492194 872285862 587864256 515652348 443386715 866222652 956450522 
453657819 918607154 109177896 979841044 199880232 155010180 839162796 108861366 960788326 247031434 524337100 1059633742 1000134000 838439786 193689862 782939412 878565957 57026328 904951415 844284385 783343874 784977784 56750263 99307927 475728154 
929036125 687172184 991380502 298681016 479653012 874089200 752338835 324518342 983267096 658438056 524398574 64535452 423859028 633259940 1025323778 670890462 83855217 1011215696 597282638 922295003 131163734 306480226 727119136 188190063 137689818 
497661697 971533937 922667602 554411960 1070841864 324653932 409706262 684272224 242292610 708387278 90183412 42639986 386984290 414701755 1025907082 1045422346 939100329 16700710 395539550 498618446 1042024488 1066430013 582473663 979498360 589970827 
431026842 36920270 896451054 84404154 225110333 1034140872 582065852 122902446 883066650 62735988 120002487 133978758 472442250 804274711 376271368 107087705 894458124 418911354 494071995 235418055 371076612 465752517 100776560 387777322 861292067 
599395006 356059986 853980256 108126845 261816522 370209260 539153687 298736792 192918490 623557842 523847126 153317538 131881870 646749572 1036384188 194617858 766752059 96621122 667060109 497284947 472892490 774147814 318001247 891803844 194477985 
553419302 189138632 660230502 654195862 576915954 447780745 179849045 932975940 228019178 287975890 121050638 598228438 827129578 419787430 791146928 376945596 943634556 944464466 508827466 516642305 907106830 703445324 209652540 1003727952 296763609 
706937487 402878618 1070911423 1024938734 220940638 191647584 504616212 410079270 851878086 85070251 986995224 225917008 264919296 846229340 453936186 552895186 967279978 1052164624 306282940 313325584 769569728 683228536 183218317 640292370 118314178 
699860622 473657376 821759503 909513162 403643504 44781288 542708826 806522122 41950888 493905736 1027462760 233598472 998521949 363800206 11734735 9850376 277053606 237651743 274769672 49541122 691587929 827664858 1016821100 670010729 60205975 
256404860 365838633 743434511 439623177 1006131003 861748690 65741975 406046555 609766369 975255138 809690059 654547657 444222140 542470357 696498545 938127876 496191293 930097018 862908001 859991499 941831753 872758377 63303281 105741672 73786225 
112844403 797329601 901451084 55923679 393598506 961657059 312328539 759437139 631349746 751951717 691826318 419356612 817693692 24131049 1029122981 719207006 833821108 609928815 89687322 302549641 232685536 1027815199 798740934 89040730 816981376 
584990609 1030872483 615997930 648293890 62872331 689784155 761138293 860201932 517493415 817061972 180058614 405408650 55648687 939495753 1036758397 807600404 557580247 382373185 551552273 581711296 337754343 197017455 341790580 947683158 286704778 
644340221 106626870 240778153 369339331 195667601 1057759529 954329940 152798260 600015635 528882006 215670592 216057967 216278475 2130700 733551382 1033340447 182189315 65218209 15247311 47943244 28234782 822847715 605523492 410607967 300658164 
113492964 748362310 497675620 455283545 622303644 784380398 25881942 728930515 1025158551 395221274 924598116 1009176256 275809390 3654552 535450068 804691397 219325144 751508035 1020969872 221455845 411317593 980568496 403645160 476535802 995815807 
451588404 504770584 744921698 1057111896 915378552 1045579863 96863037 589999038 469513659 552146582 138560859 180152233 578028524 867491374 131568960 973249798 718347666 67003392 175317365 722002218 602453460 980008762 941327363 280219671 927236810 
89041384 691537265 834063482 492686544 94331243 756137465 944274948 599101828 427317340 927645021 440738556 399155379 1024508058 1030737594 868669038 502912816 95556629 1048821271 7199516 963048003 106648407 980449315 607653845 173651799 82024856 
255914240 776105260 1062033618 123499779 1056324931 915528604 212541163 674120372 675850263 705227707 768451616 358245904 575760831 293811620 785563244 429664028 734550176 110976799 380430262 691545946 979645837 883343078 787102576 954725284 890542595 
676408755 1061373691 797250086 210320777 161283667 879274942 466235017 937388927 867566736 589734796 919972034 709353516 802275959 520350583 311461955 433761842 215060375 669707860 1009522673 508871995 381529280 365444878 169680347 492506080 745875140 
861226293 398410093 555476395 574587045 279393554 372277166 177253977 267025421 95785428 387574754 428309088 975060370 853809771 291956191 768885282 369802743 138186402 404496974 98336878 658536985 715958930 532098720 873597360 311924966 467879569 
308727531 693454246 833324447 478407878 112218502 505457764 265892347 510628596 1060934159 840479393 790022150 359469501 1017733370 1057047571 455254929 331566300 411614836 356573475 111634247 703571027 51716933 481436990 841757429 456213907 579773868 
426552590 98431013 38130764 226408126 410355979 506010333 535135657 30068402 265592957 1013543535 142286904 771050721 205694059 652915500 758243056 1046173452 369195826 43970733 990164998 352501574 499225662 247989474 764116410 855799137 359623721 
393945613 907516070 841060711 161961219 289988153 347092755 588513809 388419167 385223519 814921936 798775146 891233852 276315769 828843548 83084985 216117481 971130453 854135706 421811540 550304129 538636938 394243168 919499956 582607671 310666342 
198259706 8091509 558655816 962376116 863890646 918279537 282579905 697664892 685598424 444541124 987653046 1032691179 1033054934 302330389 344172874 774235046 27363711 161664902 1050550815 856207260 244749888 192926472 753595889 25143770 614738012 
230158194 563780709 1008981180 75916326 72646556 245905698 274176032 80738066 804561514 162810324 944628712 649099227 445390230 568551781 260955827 889931354 482463003 219905182 849244464 784793392 564078056 549737686 812157103 725742959 526546678 
594622539 970492847 719473150 274476604 995636617 260469339 504634799 485675502 195708695 580551125 558322059 441614394 854727158 639060125 172434084 1017537482 509947013 821533312 389185888 4756970 8747315 205375419 487219973 228652498 1054619883 
198271541 792730554 530615746 1010428645 444731689 1057162424 531309360 341482712 702893750 805785965 263377506 963363089 236678940 749053008 85329961 817230065 233633243 526944355 598215399 872693368 699378439 542011058 308898558 447169927 931196946 
313655528 455917243 62830541 800875502 684569741 43708601 999147043 403558471 574324347 935833864 848290161 557744947 393401401 116031049 186896873 125445542 379408555 76518139 362124482 54719740 161848100 105612723 288352983 688792455 703828123 
87304528 314429070 172097357 396203086 761598998 29552479 709858614 143774417 92383021 436992292 828344158 136091622 362397512 158160805 710415969 224489552 1006450966 194419092 617890953 48740192 381315965 743336495 428148747 457834104 31719153 
482868487 619682204 137331877 771221471 234732835 841160000 858525999 549161906 1013257357 180987261 237019080 1042809836 890845875 380793497 61451033 254096344 135395831 197542655 616493856 293556636 907958624 840983408 226265779 28635892 385132538 
275005971 409951858 54727209 703154718 867785962 86446363 112281382 413726343 223778240 883502853 648459178 1064938240 668287028 123879260 1004453773 849274289 360898340 973521785 666378340 741691837 1034972819 920474684 877087668 158773650 463226716 
96902481 1066732275 230468301 323168260 21626343 615600839 598174231 431578201 670328048 227587125 225622340 756774411 339868507 639348683 980552651 149629536 214066037 971749067 817916564 337945298 902461016 593449029 698843638 802240978 186085546 
366793652 763471973 32818406 170139496 922245623 496045123 267041977 915236074 726513424 590210237 936862418 268372439 114642644 294698795 938700487 342229770 520321135 621733075 682098277 85927994 528543902 831727814 299994032 426551146 575902554 
637939330 255270338 95609760 263041144 1057511316 281695306 629834796 747241465 314513712 799974293 595745265 810558835 1067016270 437239515 463330435 583484684 300360109 731702874 698127328 595058905 596661538 1040357098 41638216 144652789 648713552 
127566211 673196691 406699542 427560243 26006013 982602096 1065499573 281276352 4470032 254798893 265045844 286165338 884633690 1012287310 600679051 610866159 534290751 337496062 604140605 971530266 800826498 113883465 198148552 458787548 812010794 
793207457 1055449086 778626068 834845673 126360051 353597796 962411884 799556743 760297338 316230303 825562756 669157611 307988052 33097284 673627643 562786946 298143129 959792982 373678812 236688615 486730209 984544971 770979366 824226271 514943752 
668767808 551310945 628827218 866916360 1010098494 367096188 586381993 991805756 71980432 347485843 44423984 425578229 236155903 843980727 112133743 552386207 595801659 781291354 860374259 628898944 381177174 349419381 927042073 267228332 723098193 
89988864 753958541 633901340 860968230 504442988 75103269 455994214 1055753934 703930487 249168751 992110604 1071026675 835550744 910174536 69265283 109294763 954598520 494843512 345450667 724837423 606977256 897836874 246897259 314526786 684469309 
875796203 695703960 1033888691 729096452 962932292 683245060 819085316 643149009 243404577 606311722 73850174 318507846 1062305936 55862284 1022438333 237732863 1047972888 1019723184 1073283608 884405600 15246643 108836547 765262297 510090156 454287214 
416357896 43325588 278382264 663255155 357852374 962851574 465309534 1053556335 922998441 120664162 942746803 532501677 939749478 512153989 775906254 472319376 586004163 20672276 460883489 641866447 1043110609 698616352 616097511 989091969 698158136 
426761287 1004338613 806994684 118281760 440686945 187540074 534639657 484012533 465922339 124152988 841864907 355032089 589462523 821679418 204288706 710126685 690684398 736790383 576134340 129096563 438954814 1048453716 715100726 459627090 435595381 
283225349 428995876 60469910 899322860 344346021 758628046 252342323 274942810 491880906 370624084 715629755 679420981 905263741 125900464 71601496 1029416729 967765372 426633585 545137428 715702966 630922291 181522290 332645540 293970850 757656630 
461742103 732925664 732368522 103101005 118810931 94222080 386326354 547806807 154691990 211907390 892152828 913320036 464249714 93353815 331459119 834873798 808983570 1010880100 666395715 934884035 8739772 622070620 828907583 435373357 93466225 
470868725 1066295648 274988515 803514266 286524674 1032645145 191514545 1019450339 691271843 294615551 64519446 785493923 680941905 612326253 940185913 892849296 430737257 779764126 283357186 524091072 37481421 44489160 259332819 1048361521 710884875 
120475030 1057101293 259213671 949382613 418732826 352679896 346509514 411286650 627668411 76281956 697811324 586571732 267796502 643519839 204101752 562412053 708039285 989595675 169612134 246623714 856039765 1062461430 677360972 562062067 272076792 
127710220 599543488 316565952 387043039 574163185 1027450827 507518069 557522654 212922675 383158858 976255480 565602571 729668373 313800306 119529159 805950329 1011611630 706100891 5007 581389646 910202643 562417060 215687107 826056495 732029195 
462310822 608354436 720748801 65929970 96674679 992825594 193640190 696218167 235649722 580683230 196639528 189358726 14459475 754162182 402281401 397618334 656675838 967883972 53544883 970476144 13671307 859495212 908345950 719772199 859500220 
415993772 556233018 348175456 631680880 308547689 6462827 20249878 916902125 727211629 86179848 1013576804 646295399 279820038 636053147 881945121 860503268 832692675 1071303847 874962744 513113033 399843424 198839254 96047047 293985573 252384137 
1066523191 307656880 38137525 901127318 1027429079 897637745 243379266 509920274 172071378 875060146 818467963 178534205 895310024 661628265 905745834 981489872 601463245 478299409 187568087 163774569 286502707 1048071355 996467244 284064730 849292275 
435838454 683908155 1048131529 531885501 977893728 226773842 524666869 211808784 264911368 352052363 165496040 88807289 595431629 675416314 260878667 396749952 420142453 439412873 218318152 8028894 271416883 126066201 609492140 749716293 313634288 
773266709 1036219000 287963819 695992129 246541906 63514271 58088759 930450061 37903976 589974261 834601965 264677819 40899306 1046410750 529589187 392951669 138164966 618396476 988383298 813581280 879275144 311391426 159981909 244946193 529709579 
168010804 516363076 655775780 777502944 192337545 969410068 477027829 154814721 183632063 99278134 401356628 247146334 157366894 258064865 285050311 747341155 18925007 549728130 788240461 1065335757 5575493 107450306 129758899 623971969 22091780 
943340179 429505289 333483207 29580264 674451482 863192786 197591068 117072735 445226742 975094012 309410280 340894986 378380017 464225002 524527049 477658152 865581630 771673384 635025046 49904671 1056723695 308624377 68829678 532710001 23123014 
60423611 538285494 130573320 190182510 88515639 152665100 59780865 518020929 486148307 89361130 118730587 275599269 286952198 235803322 720826011 188304387 545213603 1061720997 566684404 1009438605 512506223 1044342556 801278411 210437783 605625778 
851183082 193419654 914250155 920012761 726129655 937373169 980436372 190673325 1067946489 96877059 279188964 146869766 156657924 797209893 633018073 246019054 915940481 908617343 532971253 78001979 555701530 721275640 623215582 543680704 214218220 
558912363 1056186927 184818953 286448950 192882886 790444731 63890209 386302540 630953063 983902970 38690371 494584408 890597518 229363696 488789074 987474577 508552660 635658840 70390678 232020730 194935089 316409732 74219387 29810608 849380985 
152221366 585512139 496914801 775436949 55451019 711133022 260607488 37896122 895951975 547056439 230779008 612654882 610946648 617081548 169866121 521107794 655771919 664450530 337963488 885135615 79497780 251696242 319946451 715156620 322086920 
551967181 910091709 638496652 626186568 939902318 414135814 778407935 451672633 911050615 480103060 507123652 548441813 740710548 545019774 370651964 214025163 775798782 983306847 824971811 319138506 79431144 272337781 974910425 743881674 610301270 
